
 NCe$Z (MAGNETIZATION AND ZEEMAN)    
 AL=  -1.9990	GJ=   0.8571
 FI=   0. TETA=  90.

  X(J)  -525.40002   -60.10000     0.00000     0.00000     0.00000     0.00000   764.40002     0.00000     0.00000
   2.00000000       74.6271973       2.05209637    
   3.00000000       78.6611176       3.56908631    
   4.00000000       85.8848801       5.08754015    
   5.00000000       95.2677155       6.60538530    
   6.00000000       106.025986       8.11888695    
   7.00000000       117.676361       9.62502384    
   8.00000000       129.924988       11.1217718    
   9.00000000       142.588165       12.6078672    
   10.0000000       155.546875       14.0825424    
   11.0000000       168.721313       15.5453558    
   12.0000000       182.056198       16.9960632    
   13.0000000       195.512161       18.4345455    
   14.0000000       209.060501       19.8607788    
   15.0000000       222.679794       21.2747822    
   16.0000000       236.353790       22.6766186    
   17.0000000       250.069916       24.0663776    
   18.0000000       263.818298       25.4441605    
   19.0000000       277.591125       26.8100777    
   20.0000000       291.382111       28.1642513    
   21.0000000       305.186066       29.5068169    
   22.0000000       318.998840       30.8378944    
   23.0000000       332.816895       32.1576271    
   24.0000000       346.637268       33.4661331    
   25.0000000       360.457489       34.7635651    
   26.0000000       374.275208       36.0500488    
   27.0000000       388.088684       37.3257217    
   28.0000000       401.896149       38.5907173    
   29.0000000       415.695801       39.8451805    
   30.0000000       429.486298       41.0892487    
   31.0000000       443.266083       42.3230515    
   32.0000000       457.033691       43.5467339    
   33.0000000       470.787323       44.7604485    
   34.0000000       484.525726       45.9643173    
   35.0000000       498.246948       47.1585007    
   36.0000000       511.949158       48.3431511    
   37.0000000       525.630432       49.5184135    
   38.0000000       539.288513       50.6844292    
   39.0000000       552.921265       51.8413734    
   40.0000000       566.525940       52.9893951    
   41.0000000       580.099854       54.1286583    
   42.0000000       593.640137       55.2593117    
   43.0000000       607.144104       56.3815422    
   44.0000000       620.607666       57.4955025    
   45.0000000       634.027710       58.6013680    
   46.0000000       647.400452       59.6993141    
   47.0000000       660.722351       60.7895050    
   48.0000000       673.988586       61.8721237    
   49.0000000       687.195557       62.9473381    
   50.0000000       700.338440       64.0153275    
   51.0000000       713.413025       65.0762863    
   52.0000000       726.414124       66.1303711    
   53.0000000       739.337708       67.1777573    
   54.0000000       752.177856       68.2186432    
   55.0000000       764.930359       69.2531891    
   56.0000000       777.590027       70.2815781    
   57.0000000       790.151489       71.3039780    
   58.0000000       802.609680       72.3205872    
   59.0000000       814.959351       73.3315506    
   60.0000000       827.195618       74.3370438    
   61.0000000       839.313049       75.3372574    
   62.0000000       851.306763       76.3323517    
   63.0000000       863.171753       77.3224640    
   64.0000000       874.903198       78.3077850    
   65.0000000       886.495667       79.2884903    
   66.0000000       897.944702       80.2647095    
   67.0000000       909.245850       81.2366028    
   68.0000000       920.395020       82.2043304    
   69.0000000       931.386414       83.1680374    
   70.0000000       942.217041       84.1278610    
   71.0000000       952.882385       85.0839844    
   72.0000000       963.378967       86.0364914    
   73.0000000       973.702515       86.9855804    
   74.0000000       983.850342       87.9313354    
   75.0000000       993.818909       88.8739090    
   76.0000000       1003.60468       89.8134308    
   77.0000000       1013.20508       90.7500229    
   78.0000000       1022.61823       91.6838074    
   79.0000000       1031.84094       92.6149063    
   80.0000000       1040.87134       93.5434341    
   81.0000000       1049.70764       94.4694824    
   82.0000000       1058.34827       95.3931961    
   83.0000000       1066.79138       96.3146667    
   84.0000000       1075.03638       97.2340012    
   85.0000000       1083.08167       98.1512833    
   86.0000000       1090.92664       99.0666275    
   87.0000000       1098.57166       99.9801254    
   88.0000000       1106.01465       100.891853    
   89.0000000       1113.25745       101.801926    
   90.0000000       1120.29956       102.710403    
   91.0000000       1127.14050       103.617378    
   92.0000000       1133.78125       104.522942    
   93.0000000       1140.22437       105.427185    
   94.0000000       1146.46777       106.330147    
   95.0000000       1152.51404       107.231926    
   96.0000000       1158.36572       108.132568    
   97.0000000       1164.02173       109.032181    
   98.0000000       1169.48474       109.930801    
   99.0000000       1174.75806       110.828499    
   100.000000       1179.84143       111.725334    
   101.000000       1184.73828       112.621391    
   102.000000       1189.44983       113.516693    
   103.000000       1193.97913       114.411316    
   104.000000       1198.32727       115.305298    
   105.000000       1202.49976       116.198723    
   106.000000       1206.49646       117.091606    
   107.000000       1210.32129       117.984016    
   108.000000       1213.97522       118.876007    
   109.000000       1217.46338       119.767578    
   110.000000       1220.78833       120.658844    
   111.000000       1223.95251       121.549797    
   112.000000       1226.95837       122.440498    
   113.000000       1229.80981       123.330978    
   114.000000       1232.50977       124.221252    
   115.000000       1235.06104       125.111412    
   116.000000       1237.46838       126.001472    
   117.000000       1239.73291       126.891441    
   118.000000       1241.85901       127.781364    
   119.000000       1243.84778       128.671295    
   120.000000       1245.70679       129.561234    
   121.000000       1247.43542       130.451263    
   122.000000       1249.03955       131.341324    
   123.000000       1250.51990       132.231506    
   124.000000       1251.87952       133.121841    
   125.000000       1253.12524       134.012329    
   126.000000       1254.25574       134.902985    
   127.000000       1255.27734       135.793869    
   128.000000       1256.19324       136.684967    
   129.000000       1257.00391       137.576324    
   130.000000       1257.71350       138.467987    
   131.000000       1258.32642       139.359909    
   132.000000       1258.84338       140.252151    
   133.000000       1259.27014       141.144760    
   134.000000       1259.60803       142.037689    
   135.000000       1259.85864       142.931015    
   136.000000       1260.02698       143.824722    
   137.000000       1260.11316       144.718826    
   138.000000       1260.12451       145.613342    
   139.000000       1260.05762       146.508316    
   140.000000       1259.92188       147.403732    
   141.000000       1259.71313       148.299637    
   142.000000       1259.43750       149.195984    
   143.000000       1259.09827       150.092865    
   144.000000       1258.69812       150.990219    
   145.000000       1258.23499       151.888092    
   146.000000       1257.71570       152.786514    
   147.000000       1257.14001       153.685471    
   148.000000       1256.51184       154.584961    
   149.000000       1255.83105       155.485016    
   150.000000       1255.10400       156.385666    
   151.000000       1254.32727       157.286896    
   152.000000       1253.50854       158.188736    
   153.000000       1252.64539       159.091156    
   154.000000       1251.73914       159.994171    
   155.000000       1250.79675       160.897812    
   156.000000       1249.81665       161.802063    
   157.000000       1248.79993       162.706970    
   158.000000       1247.74829       163.612549    
   159.000000       1246.66809       164.518738    
   160.000000       1245.55505       165.425568    
   161.000000       1244.41455       166.333099    
   162.000000       1243.24475       167.241257    
   163.000000       1242.05017       168.150101    
   164.000000       1240.83044       169.059662    
   165.000000       1239.58826       169.969864    
   166.000000       1238.32288       170.880783    
   167.000000       1237.04004       171.792374    
   168.000000       1235.73706       172.704681    
   169.000000       1234.41272       173.617676    
   170.000000       1233.07703       174.531403    
   171.000000       1231.72253       175.445831    
   172.000000       1230.35413       176.360992    
   173.000000       1228.97400       177.276855    
   174.000000       1227.58044       178.193436    
   175.000000       1226.17603       179.110748    
   176.000000       1224.76038       180.028824    
   177.000000       1223.33704       180.947601    
   178.000000       1221.90393       181.867111    
   179.000000       1220.46460       182.787399    
   180.000000       1219.01843       183.708374    
   181.000000       1217.56482       184.630127    
   182.000000       1216.10962       185.552612    
   183.000000       1214.64722       186.475861    
   184.000000       1213.18494       187.399887    
   185.000000       1211.71582       188.324615    
   186.000000       1210.24817       189.250107    
   187.000000       1208.77661       190.176376    
   188.000000       1207.30505       191.103424    
   189.000000       1205.83423       192.031204    
   190.000000       1204.36255       192.959717    
   191.000000       1202.89294       193.889023    
   192.000000       1201.42444       194.819077    
   193.000000       1199.95874       195.749908    
   194.000000       1198.49585       196.681519    
   195.000000       1197.03564       197.613876    
   196.000000       1195.57898       198.546997    
   197.000000       1194.12573       199.480865    
   198.000000       1192.67932       200.415512    
   199.000000       1191.23572       201.350952    
   200.000000       1189.79749       202.287140    
   201.000000       1188.36572       203.224091    
   202.000000       1186.93958       204.161819    
   203.000000       1185.52100       205.100296    
   204.000000       1184.10742       206.039581    
   205.000000       1182.70117       206.979599    
   206.000000       1181.30347       207.920380    
   207.000000       1179.91406       208.861923    
   208.000000       1178.53101       209.804260    
   209.000000       1177.15637       210.747375    
   210.000000       1175.79028       211.691223    
   211.000000       1174.43274       212.635864    
   212.000000       1173.08533       213.581223    
   213.000000       1171.74524       214.527374    
   214.000000       1170.41504       215.474274    
   215.000000       1169.09485       216.421951    
   216.000000       1167.78247       217.370392    
   217.000000       1166.48279       218.319595    
   218.000000       1165.19031       219.269547    
   219.000000       1163.91016       220.220261    
   220.000000       1162.63916       221.171722    
   221.000000       1161.38025       222.123917    
   222.000000       1160.13000       223.076920    
   223.000000       1158.89148       224.030670    
   224.000000       1157.66333       224.985138    
   225.000000       1156.44739       225.940384    
   226.000000       1155.24109       226.896378    
   227.000000       1154.04443       227.853058    
   228.000000       1152.86218       228.810562    
   229.000000       1151.68884       229.768814    
   230.000000       1150.52905       230.727737    
   231.000000       1149.37952       231.687469    
   232.000000       1148.24280       232.647903    
   233.000000       1147.11560       233.609131    
   234.000000       1146.00024       234.571030    
   235.000000       1144.89685       235.533691    
   236.000000       1143.80627       236.497055    
   237.000000       1142.72693       237.461197    
   238.000000       1141.65674       238.426056    
   239.000000       1140.60071       239.391632    
   240.000000       1139.55591       240.357925    
   241.000000       1138.52502       241.324982    
   242.000000       1137.50403       242.292770    
   243.000000       1136.49280       243.261200    
   244.000000       1135.49707       244.230392    
   245.000000       1134.51111       245.200272    
   246.000000       1133.53772       246.170929    
   247.000000       1132.57617       247.142273    
   248.000000       1131.62500       248.114304    
   249.000000       1130.68933       249.087082    
   250.000000       1129.76074       250.060516    
   251.000000       1128.84717       251.034698    
   252.000000       1127.94324       252.009567    
   253.000000       1127.05115       252.985153    
   254.000000       1126.17334       253.961365    
   255.000000       1125.30688       254.938354    
   256.000000       1124.45105       255.915985    
   257.000000       1123.60645       256.894348    
   258.000000       1122.77551       257.873352    
   259.000000       1121.95227       258.853088    
   260.000000       1121.14294       259.833496    
   261.000000       1120.34497       260.814545    
   262.000000       1119.55737       261.796295    
   263.000000       1118.78247       262.778778    
   264.000000       1118.01758       263.761902    
   265.000000       1117.26660       264.745636    
   266.000000       1116.52466       265.730133    
   267.000000       1115.79675       266.715240    
   268.000000       1115.07764       267.700989    
   269.000000       1114.36987       268.687469    
   270.000000       1113.67383       269.674591    
   271.000000       1112.98657       270.662354    
   272.000000       1112.31348       271.650787    
   273.000000       1111.64807       272.639862    
   274.000000       1110.99524       273.629578    
   275.000000       1110.35571       274.619965    
   276.000000       1109.72473       275.610962    
   277.000000       1109.10461       276.602661    
   278.000000       1108.49744       277.594971    
   279.000000       1107.89661       278.587921    
   280.000000       1107.30713       279.581482    
   281.000000       1106.73108       280.575714    
   282.000000       1106.16626       281.570526    
   283.000000       1105.60693       282.565979    
   284.000000       1105.05920       283.562103    
   285.000000       1104.52551       284.558838    
   286.000000       1103.99731       285.556183    
   287.000000       1103.48291       286.554138    
   288.000000       1102.97839       287.552673    
   289.000000       1102.48291       288.551910    
   290.000000       1101.99536       289.551697    
   291.000000       1101.52197       290.552124    
   292.000000       1101.05615       291.553131    
   293.000000       1100.59888       292.554749    
   294.000000       1100.15234       293.556946    
   295.000000       1099.71851       294.559784    
   296.000000       1099.29102       295.563202    
   297.000000       1098.87292       296.567200    
   298.000000       1098.46472       297.571777    
   299.000000       1098.06750       298.576996    
   300.000000       1097.67749       299.582733    
   301.000000       1097.29675       300.589081    
   302.000000       1096.92871       301.596039    
   303.000000       1096.56628       302.603546    
   304.000000       1096.21619       303.611633    
   305.000000       1095.87292       304.620300    
   306.000000       1095.54028       305.629517    
   307.000000       1095.21240       306.639343    
   308.000000       1094.89819       307.649689    
   309.000000       1094.59143       308.660645    
   310.000000       1094.29370       309.672089    
   311.000000       1094.00183       310.684143    
   312.000000       1093.72156       311.696747    
   313.000000       1093.44910       312.709869    
   314.000000       1093.18396       313.723602    
   315.000000       1092.93018       314.737854    
   316.000000       1092.68213       315.752655    
   317.000000       1092.44348       316.767975    
   318.000000       1092.21204       317.783875    
   319.000000       1091.99207       318.800293    
   320.000000       1091.77966       319.817200    
   321.000000       1091.57178       320.834686    
   322.000000       1091.37598       321.852692    
   323.000000       1091.18298       322.871246    
   324.000000       1091.00256       323.890350    
   325.000000       1090.82861       324.909912    
   326.000000       1090.66614       325.930023    
   327.000000       1090.50647       326.950653    
   328.000000       1090.35632       327.971802    
   329.000000       1090.21301       328.993439    
   330.000000       1090.07507       330.015625    
   331.000000       1089.94556       331.038269    
   332.000000       1089.82910       332.061462    
   333.000000       1089.71875       333.085144    
   334.000000       1089.61267       334.109344    
   335.000000       1089.51611       335.134033    
   336.000000       1089.42517       336.159210    
   337.000000       1089.33691       337.184845    
   338.000000       1089.26477       338.211029    
   339.000000       1089.19446       339.237671    
   340.000000       1089.13342       340.264801    
   341.000000       1089.07800       341.292419    
   342.000000       1089.02820       342.320557    
   343.000000       1088.98938       343.349060    
   344.000000       1088.95386       344.378143    
   345.000000       1088.92651       345.407715    
   346.000000       1088.90527       346.437714    
   347.000000       1088.89612       347.468170    
   348.000000       1088.88574       348.499115    
   349.000000       1088.88623       349.530579    
   350.000000       1088.89209       350.562378    
   351.000000       1088.90845       351.594757    
   352.000000       1088.92419       352.627502    
   353.000000       1088.95239       353.660767    
   354.000000       1088.98169       354.694458    
   355.000000       1089.01990       355.728607    
   356.000000       1089.06421       356.763245    
   357.000000       1089.11682       357.798279    
   358.000000       1089.17261       358.833740    
   359.000000       1089.23523       359.869690    
   360.000000       1089.30640       360.906036    
   361.000000       1089.38098       361.942841    
   362.000000       1089.45996       362.980072    
   363.000000       1089.54895       364.017792    
   364.000000       1089.64282       365.055939    
   365.000000       1089.74194       366.094421    
   366.000000       1089.84741       367.133362    
   367.000000       1089.95642       368.172791    
   368.000000       1090.07678       369.212585    
   369.000000       1090.19519       370.252808    
   370.000000       1090.32336       371.293457    
   371.000000       1090.45776       372.334534    
   372.000000       1090.59924       373.375977    
   373.000000       1090.74268       374.417908    
   374.000000       1090.89502       375.460205    
   375.000000       1091.04663       376.502899    
   376.000000       1091.20789       377.545990    
   377.000000       1091.37549       378.589508    
   378.000000       1091.54736       379.633362    
   379.000000       1091.72571       380.677704    
   380.000000       1091.90698       381.722382    
   381.000000       1092.09497       382.767517    
   382.000000       1092.28638       383.812988    
   383.000000       1092.48438       384.858887    
   384.000000       1092.68665       385.905151    
   385.000000       1092.89648       386.951782    
   386.000000       1093.10681       387.998779    
   387.000000       1093.32483       389.046234    
   388.000000       1093.54895       390.094055    
   389.000000       1093.77551       391.142212    
   390.000000       1094.01111       392.190765    
   391.000000       1094.25049       393.239716    
   392.000000       1094.49146       394.288971    
   393.000000       1094.74158       395.338654    
   394.000000       1094.98755       396.388672    
   395.000000       1095.24927       397.439087    
   396.000000       1095.51135       398.489838    
   397.000000       1095.77539       399.540985    
   398.000000       1096.04285       400.592468    
   399.000000       1096.31799       401.644257    
   400.000000       1096.59937       402.696472    
   401.000000       1096.88574       403.749023    
   402.000000       1097.17395       404.801880    
   403.000000       1097.46631       405.855133    
   404.000000       1097.76392       406.908752    
   405.000000       1098.06628       407.962708    
   406.000000       1098.37415       409.016998    
   407.000000       1098.68311       410.071594    
   408.000000       1098.99841       411.126617    
   409.000000       1099.31848       412.181915    
   410.000000       1099.63928       413.237518    
   411.000000       1099.96912       414.293488    
   412.000000       1100.29846       415.349792    
   413.000000       1100.63708       416.406464    
   414.000000       1100.97864       417.463379    
   415.000000       1101.32190       418.520721    
   416.000000       1101.67078       419.578369    
   417.000000       1102.02112       420.636230    
   418.000000       1102.37927       421.694550    
   419.000000       1102.73816       422.753113    
   420.000000       1103.10046       423.812042    
   421.000000       1103.46826       424.871246    
   422.000000       1103.83972       425.930756    
   423.000000       1104.22095       426.990631    
   424.000000       1104.59961       428.050781    
   425.000000       1104.97839       429.111267    
   426.000000       1105.36804       430.171967    
   427.000000       1105.75525       431.233124    
   428.000000       1106.15173       432.294464    
   429.000000       1106.55225       433.356171    
   430.000000       1106.95483       434.418121    
   431.000000       1107.35291       435.480438    
   432.000000       1107.76440       436.542969    
   433.000000       1108.17908       437.605835    
   434.000000       1108.59668       438.669067    
   435.000000       1109.01611       439.732513    
   436.000000       1109.43909       440.796234    
   437.000000       1109.86218       441.860291    
   438.000000       1110.29260       442.924622    
   439.000000       1110.72607       443.989197    
   440.000000       1111.16785       445.054077    
   441.000000       1111.60034       446.119263    
   442.000000       1112.04797       447.184723    
   443.000000       1112.49426       448.250458    
   444.000000       1112.94592       449.316498    
   445.000000       1113.39832       450.382721    
   446.000000       1113.85657       451.449310    
   447.000000       1114.31396       452.516083    
   448.000000       1114.77942       453.583282    
   449.000000       1115.24377       454.650604    
   450.000000       1115.71619       455.718201    
   451.000000       1116.18628       456.786102    
   452.000000       1116.66565       457.854248    
   453.000000       1117.14514       458.922729    
   454.000000       1117.62317       459.991394    
   455.000000       1118.10767       461.060425    
   456.000000       1118.59888       462.129547    
   457.000000       1119.08716       463.199036    
   458.000000       1119.58044       464.268799    
   459.000000       1120.08130       465.338745    
   460.000000       1120.58179       466.408936    
   461.000000       1121.08496       467.479431    
   462.000000       1121.58984       468.550140    
   463.000000       1122.09985       469.621124    
   464.000000       1122.61133       470.692322    
   465.000000       1123.12549       471.763733    
   466.000000       1123.64319       472.835510    
   467.000000       1124.16516       473.907410    
   468.000000       1124.68555       474.979523    
   469.000000       1125.21497       476.052002    
   470.000000       1125.74170       477.124634    
   471.000000       1126.27673       478.197510    
   472.000000       1126.80737       479.270599    
   473.000000       1127.34387       480.344025    
   474.000000       1127.88464       481.417633    
   475.000000       1128.42615       482.491425    
   476.000000       1128.96716       483.565491    
   477.000000       1129.51965       484.639771    
   478.000000       1130.06458       485.714203    
   479.000000       1130.61987       486.788971    
   480.000000       1131.17529       487.863892    
   481.000000       1131.73010       488.939056    
   482.000000       1132.29333       490.014435    
   483.000000       1132.85901       491.090027    
   484.000000       1133.42090       492.165894    
   485.000000       1133.99146       493.241882    
   486.000000       1134.55994       494.318146    
   487.000000       1135.13147       495.394684    
   488.000000       1135.70740       496.471252    
   489.000000       1136.28638       497.548187    
   490.000000       1136.86548       498.625305    
   491.000000       1137.45239       499.702606    
   492.000000       1138.03394       500.780060    
   493.000000       1138.62109       501.857788    
   494.000000       1139.21021       502.935760    
   495.000000       1139.80334       504.013824    
   496.000000       1140.40039       505.092224    
   497.000000       1140.99829       506.170654    
   498.000000       1141.59729       507.249451    
   499.000000       1142.19739       508.328339    
   500.000000       1142.79749       509.407471    
   501.000000       1143.40625       510.486786    
   502.000000       1144.01196       511.566284    
   503.000000       1144.62134       512.645935    
   504.000000       1145.23364       513.725830    
   505.000000       1145.85156       514.805908    
   506.000000       1146.46289       515.886230    
   507.000000       1147.08398       516.966675    
   508.000000       1147.70569       518.047302    
   509.000000       1148.33105       519.128113    
   510.000000       1148.95227       520.209106    
   511.000000       1149.58093       521.290344    
   512.000000       1150.21228       522.371704    
   513.000000       1150.84119       523.453247    
   514.000000       1151.47461       524.534973    
   515.000000       1152.11084       525.616821    
   516.000000       1152.75037       526.698914    
   517.000000       1153.38818       527.781250    
   518.000000       1154.03259       528.863647    
   519.000000       1154.67737       529.946289    
   520.000000       1155.32190       531.029053    
   521.000000       1155.96545       532.112000    
   522.000000       1156.61975       533.195068    
   523.000000       1157.27246       534.278442    
   524.000000       1157.92676       535.361877    
   525.000000       1158.57874       536.445496    
   526.000000       1159.23291       537.529297    
   527.000000       1159.89612       538.613281    
   528.000000       1160.55420       539.697388    
   529.000000       1161.21387       540.781616    
   530.000000       1161.88306       541.866089    
   531.000000       1162.55481       542.950684    
   532.000000       1163.22107       544.035400    
   533.000000       1163.88733       545.120361    
   534.000000       1164.56372       546.205444    
   535.000000       1165.23828       547.290649    
   536.000000       1165.91431       548.376038    
   537.000000       1166.58704       549.461609    
   538.000000       1167.27026       550.547302    
   539.000000       1167.94653       551.633118    
   540.000000       1168.63416       552.719116    
   541.000000       1169.31934       553.805176    
   542.000000       1170.00305       554.891479    
   543.000000       1170.69373       555.977905    
   544.000000       1171.38196       557.064575    
   545.000000       1172.07483       558.151184    
   546.000000       1172.76648       559.238159    
   547.000000       1173.45728       560.325195    
   548.000000       1174.15503       561.412292    
   549.000000       1174.86121       562.499573    
   550.000000       1175.55762       563.587036    
   551.000000       1176.25427       564.674622    
   552.000000       1176.95935       565.762268    
   553.000000       1177.66443       566.850098    
   554.000000       1178.37097       567.938171    
   555.000000       1179.07971       569.026245    
   556.000000       1179.78833       570.114441    
   557.000000       1180.49597       571.202820    
   558.000000       1181.21057       572.291443    
   559.000000       1181.92163       573.380005    
   560.000000       1182.63965       574.468811    
   561.000000       1183.35754       575.557617    
   562.000000       1184.07874       576.646729    
   563.000000       1184.80005       577.735901    
   564.000000       1185.52136       578.825195    
   565.000000       1186.24219       579.914551    
   566.000000       1186.96484       581.004089    
   567.000000       1187.69214       582.093750    
   568.000000       1188.41882       583.183533    
   569.000000       1189.14587       584.273438    
   570.000000       1189.88135       585.363464    
   571.000000       1190.60864       586.453613    
   572.000000       1191.34692       587.543884    
   573.000000       1192.08069       588.634216    
   574.000000       1192.81885       589.724731    
   575.000000       1193.54883       590.815369    
   576.000000       1194.29443       591.906128    
   577.000000       1195.03833       592.996948    
   578.000000       1195.77454       594.087830    
   579.000000       1196.52051       595.179016    
   580.000000       1197.25928       596.270142    
   581.000000       1198.00842       597.361389    
   582.000000       1198.75732       598.452820    
   583.000000       1199.50232       599.544373    
   584.000000       1200.26184       600.635986    
   585.000000       1201.00647       601.727661    
   586.000000       1201.75488       602.819519    
   587.000000       1202.51196       603.911438    
   588.000000       1203.26941       605.003479    
   589.000000       1204.02979       606.095642    
   590.000000       1204.78992       607.187927    
   591.000000       1205.53906       608.280273    
   592.000000       1206.30090       609.372742    
   593.000000       1207.06152       610.465271    
   594.000000       1207.82837       611.557983    
   595.000000       1208.59131       612.650696    
   596.000000       1209.35730       613.743530    
   597.000000       1210.12170       614.836548    
   598.000000       1210.89343       615.929565    
   599.000000       1211.66064       617.022644    
   600.000000       1212.42786       618.115906    
   601.000000       1213.20605       619.209229    
   602.000000       1213.97217       620.302673    
   603.000000       1214.75269       621.396118    
   604.000000       1215.52771       622.489807    
   605.000000       1216.29871       623.583496    
   606.000000       1217.07751       624.677368    
   607.000000       1217.85498       625.771118    
   608.000000       1218.63843       626.865173    
   609.000000       1219.41602       627.959229    
   610.000000       1220.20264       629.053284    
   611.000000       1220.98438       630.147583    
   612.000000       1221.77063       631.241882    
   613.000000       1222.55017       632.336243    
   614.000000       1223.34033       633.430786    
   615.000000       1224.12793       634.525330    
   616.000000       1224.91809       635.619995    
   617.000000       1225.70435       636.714722    
   618.000000       1226.49658       637.809509    
   619.000000       1227.28943       638.904358    
   620.000000       1228.08496       639.999390    
   621.000000       1228.87842       641.094482    
   622.000000       1229.67407       642.189575    
   623.000000       1230.46680       643.284851    
   624.000000       1231.26343       644.380066    
   625.000000       1232.05859       645.475342    
   626.000000       1232.86145       646.570862    
   627.000000       1233.66284       647.666443    
   628.000000       1234.46277       648.761963    
   629.000000       1235.27039       649.857666    
   630.000000       1236.07227       650.953369    
   631.000000       1236.87537       652.049194    
   632.000000       1237.67761       653.145081    
   633.000000       1238.48828       654.241089    
   634.000000       1239.29297       655.336975    
   635.000000       1240.10559       656.433105    
   636.000000       1240.91138       657.529236    
   637.000000       1241.72192       658.625427    
   638.000000       1242.53784       659.721802    
   639.000000       1243.34717       660.818054    
   640.000000       1244.16150       661.914551    
   641.000000       1244.97864       663.010986    
   642.000000       1245.79224       664.107605    
   643.000000       1246.60327       665.204163    
   644.000000       1247.42822       666.300842    
   645.000000       1248.24280       667.397644    
   646.000000       1249.06372       668.494385    
   647.000000       1249.87793       669.591309    
   648.000000       1250.70264       670.688232    
   649.000000       1251.53015       671.785278    
   650.000000       1252.34753       672.882263    
   651.000000       1253.16785       673.979248    
   652.000000       1253.99622       675.076477    
   653.000000       1254.81921       676.173706    
   654.000000       1255.65393       677.270935    
   655.000000       1256.48157       678.368286    
   656.000000       1257.30493       679.465698    
   657.000000       1258.12854       680.563171    
   658.000000       1258.95935       681.660583    
   659.000000       1259.79822       682.758179    
   660.000000       1260.62817       683.855835    
   661.000000       1261.45679       684.953369    
   662.000000       1262.28503       686.051208    
   663.000000       1263.13281       687.148865    
   664.000000       1263.96521       688.246765    
   665.000000       1264.79517       689.344604    
   666.000000       1265.63806       690.442505    
   667.000000       1266.46899       691.540466    
   668.000000       1267.30505       692.638428    
   669.000000       1268.14758       693.736572    
   670.000000       1268.98853       694.834534    
   671.000000       1269.83337       695.932800    
   672.000000       1270.67163       697.030945    
   673.000000       1271.51526       698.129272    
   674.000000       1272.35266       699.227539    
   675.000000       1273.20447       700.325867    
   676.000000       1274.04749       701.424194    
   677.000000       1274.89612       702.522522    
   678.000000       1275.73694       703.621094    
   679.000000       1276.58313       704.719543    
   680.000000       1277.43518       705.818176    
   681.000000       1278.27954       706.916687    
   682.000000       1279.13074       708.015320    
   683.000000       1279.98352       709.114014    
   684.000000       1280.83118       710.212708    
   685.000000       1281.68298       711.311462    
   686.000000       1282.53320       712.410217    
   687.000000       1283.38525       713.509033    
   688.000000       1284.23853       714.607910    
   689.000000       1285.09326       715.706726    
   690.000000       1285.95093       716.805664    
   691.000000       1286.81372       717.904724    
   692.000000       1287.66760       719.003662    
   693.000000       1288.53125       720.102783    
   694.000000       1289.38318       721.201721    
   695.000000       1290.24646       722.300903    
   696.000000       1291.10022       723.399963    
   697.000000       1291.96143       724.499084    
   698.000000       1292.82397       725.598389    
   699.000000       1293.68323       726.697632    
   700.000000       1294.54651       727.796814    
   701.000000       1295.41321       728.896057    
   702.000000       1296.27698       729.995422    
   703.000000       1297.14050       731.094788    
   704.000000       1297.99731       732.194214    
   705.000000       1298.87244       733.293640    
   706.000000       1299.74316       734.393005    
   707.000000       1300.60498       735.492554    
   708.000000       1301.47766       736.591919    
   709.000000       1302.33984       737.691528    
   710.000000       1303.21021       738.791077    
   711.000000       1304.08167       739.890564    
   712.000000       1304.94519       740.990173    
   713.000000       1305.82019       742.089844    
   714.000000       1306.69873       743.189453    
   715.000000       1307.56433       744.289062    
   716.000000       1308.44019       745.388794    
   717.000000       1309.31567       746.488403    
   718.000000       1310.18176       747.588196    
   719.000000       1311.06372       748.687988    
   720.000000       1311.94116       749.787781    
   721.000000       1312.81421       750.887512    
   722.000000       1313.68872       751.987305    
   723.000000       1314.56750       753.087158    
   724.000000       1315.44312       754.186951    
   725.000000       1316.32703       755.286987    
   726.000000       1317.20276       756.386902    
   727.000000       1318.07776       757.486755    
   728.000000       1318.95654       758.586670    
   729.000000       1319.84119       759.686523    
   730.000000       1320.72534       760.786560    
   731.000000       1321.60571       761.886536    
   732.000000       1322.49377       762.986511    
   733.000000       1323.36975       764.086487    
   734.000000       1324.25342       765.186462    
   735.000000       1325.14148       766.286560    
   736.000000       1326.02966       767.386536    
   737.000000       1326.91077       768.486755    
   738.000000       1327.79456       769.586731    
   739.000000       1328.67834       770.686829    
   740.000000       1329.57153       771.786926    
   741.000000       1330.46948       772.887024    
   742.000000       1331.34448       773.987244    
   743.000000       1332.23706       775.087219    
   744.000000       1333.12854       776.187439    
   745.000000       1334.01575       777.287537    
   746.000000       1334.90710       778.387878    
   747.000000       1335.79224       779.487854    
   748.000000       1336.69043       780.588013    
   749.000000       1337.58191       781.688293    
   750.000000       1338.47021       782.788513    
   751.000000       1339.37012       783.888672    
   752.000000       1340.26233       784.988953    
   753.000000       1341.15637       786.089172    
   754.000000       1342.05994       787.189331    
   755.000000       1342.94812       788.289551    
   756.000000       1343.84216       789.389832    
   757.000000       1344.73865       790.490051    
   758.000000       1345.63843       791.590393    
   759.000000       1346.53101       792.690613    
   760.000000       1347.43274       793.790833    
   761.000000       1348.32727       794.891052    
   762.000000       1349.23572       795.991333    
   763.000000       1350.13123       797.091614    
   764.000000       1351.02136       798.191833    
   765.000000       1351.92175       799.292236    
   766.000000       1352.82886       800.392395    
   767.000000       1353.73120       801.492676    
   768.000000       1354.62634       802.592957    
   769.000000       1355.52966       803.693237    
   770.000000       1356.43347       804.793518    
   771.000000       1357.33704       805.893860    
   772.000000       1358.23572       806.994019    
   773.000000       1359.13879       808.094421    
   774.000000       1360.04968       809.194580    
   775.000000       1360.95874       810.294922    
   776.000000       1361.86108       811.395142    
   777.000000       1362.77222       812.495483    
   778.000000       1363.66870       813.595581    
   779.000000       1364.57849       814.695984    
   780.000000       1365.48450       815.796204    
   781.000000       1366.39392       816.896484    
   782.000000       1367.30811       817.996704    
   783.000000       1368.21069       819.096985    
   784.000000       1369.11938       820.197144    
   785.000000       1370.02930       821.297363    
   786.000000       1370.94763       822.397583    
   787.000000       1371.85339       823.497803    
   788.000000       1372.75842       824.598083    
   789.000000       1373.67664       825.698242    
   790.000000       1374.58643       826.798401    
   791.000000       1375.50000       827.898682    
   792.000000       1376.40796       828.998779    
   793.000000       1377.32373       830.098938    
   794.000000       1378.23657       831.199158    
   795.000000       1379.14893       832.299316    
   796.000000       1380.05847       833.399414    
   797.000000       1380.97302       834.499573    
   798.000000       1381.89294       835.599731    
   799.000000       1382.80933       836.699829    
   800.000000       1383.72607       837.799866    
   801.000000       1384.64331       838.900024    
   802.000000       1385.56067       840.000122    
   803.000000       1386.47668       841.100159    
   804.000000       1387.39490       842.200317    
   805.000000       1388.31885       843.300293    
   806.000000       1389.22729       844.400269    
   807.000000       1390.15100       845.500305    
   808.000000       1391.06738       846.600342    
   809.000000       1391.99500       847.700378    
   810.000000       1392.91174       848.800415    
   811.000000       1393.82703       849.900269    
   812.000000       1394.74561       851.000244    
   813.000000       1395.66638       852.100281    
   814.000000       1396.58728       853.200134    
   815.000000       1397.51038       854.300049    
   816.000000       1398.43018       855.400024    
   817.000000       1399.34875       856.499817    
   818.000000       1400.28320       857.599670    
   819.000000       1401.20630       858.699585    
   820.000000       1402.12000       859.799377    
   821.000000       1403.05518       860.899231    
   822.000000       1403.97375       861.998962    
   823.000000       1404.89954       863.098694    
   824.000000       1405.82397       864.198547    
   825.000000       1406.74927       865.298279    
   826.000000       1407.67932       866.397949    
   827.000000       1408.60815       867.497620    
   828.000000       1409.52856       868.597351    
   829.000000       1410.45007       869.697083    
   830.000000       1411.38318       870.796692    
   831.000000       1412.30566       871.896240    
   832.000000       1413.24121       872.995972    
   833.000000       1414.17004       874.095581    
   834.000000       1415.08838       875.195007    
   835.000000       1416.01819       876.294556    
   836.000000       1416.95667       877.394165    
   837.000000       1417.88318       878.493652    
   838.000000       1418.81396       879.593018    
   839.000000       1419.73914       880.692566    
   840.000000       1420.66919       881.791931    
   841.000000       1421.60400       882.891235    
   842.000000       1422.52612       883.990784    
   843.000000       1423.46008       885.090149    
   844.000000       1424.39368       886.189453    
   845.000000       1425.33435       887.288757    
   846.000000       1426.27136       888.388062    
   847.000000       1427.19128       889.487305    
   848.000000       1428.12659       890.586548    
   849.000000       1429.06250       891.685608    
   850.000000       1429.99609       892.785034    
   851.000000       1430.93799       893.884094    
   852.000000       1431.86768       894.983215    
   853.000000       1432.80249       896.082275    
   854.000000       1433.72754       897.181335    
   855.000000       1434.66248       898.280457    
   856.000000       1435.61047       899.379395    
   857.000000       1436.53613       900.478577    
   858.000000       1437.48083       901.577271    
   859.000000       1438.40881       902.676331    
   860.000000       1439.35327       903.775269    
   861.000000       1440.28381       904.874207    
   862.000000       1441.21179       905.972961    
   863.000000       1442.16345       907.071899    
   864.000000       1443.10059       908.170532    
   865.000000       1444.03076       909.269409    
   866.000000       1444.97083       910.368164    
   867.000000       1445.91577       911.466797    
   868.000000       1446.85986       912.565613    
   869.000000       1447.78857       913.664124    
   870.000000       1448.73267       914.762695    
   871.000000       1449.66809       915.861328    
   872.000000       1450.61560       916.959900    
   873.000000       1451.55481       918.058289    
   874.000000       1452.49731       919.156982    
   875.000000       1453.44055       920.255432    
   876.000000       1454.37292       921.353699    
   877.000000       1455.31238       922.452148    
   878.000000       1456.26257       923.550659    
   879.000000       1457.20300       924.648865    
   880.000000       1458.14856       925.747131    
   881.000000       1459.08862       926.845398    
   882.000000       1460.02332       927.943665    
   883.000000       1460.98621       929.041809    
   884.000000       1461.91479       930.140076    
   885.000000       1462.86865       931.238159    
   886.000000       1463.80347       932.336243    
   887.000000       1464.75000       933.434204    
   888.000000       1465.68921       934.532349    
   889.000000       1466.63892       935.630371    
   890.000000       1467.58032       936.728210    
   891.000000       1468.52698       937.826172    
   892.000000       1469.47803       938.924194    
   893.000000       1470.40967       940.021912    
   894.000000       1471.36475       941.119629    
   895.000000       1472.30664       942.217468    
   896.000000       1473.25647       943.315063    
   897.000000       1474.20349       944.412842    
   898.000000       1475.14429       945.510376    
   899.000000       1476.10107       946.608215    
   900.000000       1477.05164       947.705627    
   901.000000       1477.99036       948.803162    
   902.000000       1478.93298       949.900635    
   903.000000       1479.89136       950.998169    
   904.000000       1480.84424       952.095581    
   905.000000       1481.78662       953.193054    
   906.000000       1482.73364       954.290405    
   907.000000       1483.69165       955.387817    
   908.000000       1484.62903       956.484924    
   909.000000       1485.57971       957.582092    
   910.000000       1486.52686       958.679199    
   911.000000       1487.48962       959.776550    
   912.000000       1488.44055       960.873657    
   913.000000       1489.38196       961.970703    
   914.000000       1490.33142       963.067627    
   915.000000       1491.29370       964.164612    
   916.000000       1492.23254       965.261536    
   917.000000       1493.19385       966.358582    
   918.000000       1494.14795       967.455383    
   919.000000       1495.09827       968.552185    
   920.000000       1496.04626       969.648926    
   921.000000       1496.99683       970.745728    
   922.000000       1497.95239       971.842346    
   923.000000       1498.90417       972.939148    
   924.000000       1499.85181       974.035645    
   925.000000       1500.81116       975.132202    
   926.000000       1501.76099       976.228882    
   927.000000       1502.71179       977.325256    
   928.000000       1503.67419       978.421692    
   929.000000       1504.61646       979.518066    
   930.000000       1505.58276       980.614380    
   931.000000       1506.53271       981.710632    
   932.000000       1507.47974       982.806885    
   933.000000       1508.44177       983.903198    
   934.000000       1509.39148       984.999268    
   935.000000       1510.35400       986.095337    
   936.000000       1511.31042       987.191528    
   937.000000       1512.25732       988.287476    
   938.000000       1513.22327       989.383545    
   939.000000       1514.16089       990.479431    
   940.000000       1515.12964       991.575317    
   941.000000       1516.07959       992.671143    
   942.000000       1517.04834       993.767029    
   943.000000       1518.00574       994.862671    
   944.000000       1518.96118       995.958435    
   945.000000       1519.91638       997.054016    
   946.000000       1520.87256       998.149597    
   947.000000       1521.82446       999.245117    
   948.000000       1522.78503       1000.34070    
   949.000000       1523.74219       1001.43628    
   950.000000       1524.70264       1002.53149    
   951.000000       1525.66675       1003.62708    
   952.000000       1526.61963       1004.72241    
   953.000000       1527.57202       1005.81757    
   954.000000       1528.53943       1006.91290    
   955.000000       1529.49390       1008.00800    
   956.000000       1530.44897       1009.10309    
   957.000000       1531.40552       1010.19818    
   958.000000       1532.36743       1011.29333    
   959.000000       1533.32837       1012.38831    
   960.000000       1534.28796       1013.48315    
   961.000000       1535.25354       1014.57800    
   962.000000       1536.21509       1015.67291    
   963.000000       1537.16882       1016.76752    
   964.000000       1538.12549       1017.86218    
   965.000000       1539.09717       1018.95709    
   966.000000       1540.05603       1020.05164    
   967.000000       1541.01343       1021.14618    
   968.000000       1541.97375       1022.24072    
   969.000000       1542.93274       1023.33527    
   970.000000       1543.90942       1024.42957    
   971.000000       1544.85974       1025.52405    
   972.000000       1545.81885       1026.61841    
   973.000000       1546.79578       1027.71265    
   974.000000       1547.74292       1028.80676    
   975.000000       1548.70679       1029.90088    
   976.000000       1549.67273       1030.99500    
   977.000000       1550.63440       1032.08911    
   978.000000       1551.58716       1033.18311    
   979.000000       1552.56470       1034.27722    
   980.000000       1553.51855       1035.37109    
   981.000000       1554.48157       1036.46484    
   982.000000       1555.44971       1037.55847    
   983.000000       1556.41162       1038.65234    
   984.000000       1557.37292       1039.74597    
   985.000000       1558.34363       1040.83972    
   986.000000       1559.31238       1041.93323    
   987.000000       1560.27173       1043.02686    
   988.000000       1561.23987       1044.12024    
   989.000000       1562.18860       1045.21375    
   990.000000       1563.16528       1046.30701    
   991.000000       1564.12109       1047.40039    
   992.000000       1565.09119       1048.49341    
   993.000000       1566.05237       1049.58655    
   994.000000       1567.03430       1050.67993    
   995.000000       1567.99683       1051.77307    
   996.000000       1568.96106       1052.86584    
   997.000000       1569.91528       1053.95886    
   998.000000       1570.87964       1055.05164    
   999.000000       1571.84497       1056.14478    
  
  
  
  
  

